100001100001111
100111010111111
001011101011010
111111001000110
111111110100110
111011101110111
111111100111110
111111111111111
000000000000000
010100101001010
101010010000100
001010100111010
000110110100010
100000100100011
100000010011000
101001010010100
000000000000000
010100101001010
101010010000100
001010100111010
000110110100010
100000100100011
100000010011000
101001010010100
100001100001111
100111010111111
001011101011010
111111001000110
111111110100110
111011101110111
111111100111110
111111111111111
